70
165
56
30
85
36
40
7
82
85
174
91
104
123
20
5
111
46
99
137
195
130
67
167
162
5
54
35
118
88
93
196
7
172
27
40
82
139
105
197
139
168
123
67
47
56
90
153
197
144
153
149
199
161
126
180
71
41
111
108
7
173
149
125
49
98
199
97
194
27
89
106
86
132
57
169
105
7
125
110
156
3
135
122
80
182
118
85
107
173
70
24
36
88
175
138
100
37
176
59
47
14
63
113
137
117
88
60
172
22
34
86
86
47
21
39
33
136
131
148
131
152
7
173
43
155
139
131
175
176
189
101
165
198
142
58
156
5
103
103
72
89
14
114
190
9
181
79
172
24
54
52
59
8
25
75
24
138
174
30
130
46
169
79
183
82
178
77
56
89
152
85
197
165
196
1
149
197
196
25
176
123
47
195
119
46
5
177
179
95
153
96
50
33
40
130
148
148
100
41
55
111
115
39
127
111
152
136
78
117
160
80
147
6
147
55
32
18
64
131
70
150
176
76
150
180
126
168
165
93
55
16
71
143
179
77
148
126
160
111
151
164
169
77
95
150
55
89
94
189
198
135
195
125
2
15
97
187
131
96
8
147
45
123
1
85
37
0
22
167
178
82
4
133
140
185
115
167
137
141
121
26
26
31
120
128
98
91
8
194
52
120
150
47
73
0
191
53
176
144
159
180
164
63
160
103
69
10
121
72
111
118
163
147
179
78
26
158
196
9
143
39
45
66
187
47
92
49
10
147
122
107
182
194
124
70
56
147
190
16
50
41
177
13
143
52
158
197
83
196
189
84
167
4
168
47
162
141
109
151
47
148
136
40
127
135
15
115
48
75
20
45
136
175
96
116
31
114
39
29
2
126
69
30
44
55
45
157
153
180
58
169
82
35
171
48
161
185
152
182
89
35
88
107
158
54
47
79
154
20
23
160
149
126
33
162
148
148
153
87
32
50
194
137
11
50
37
169
42
172
115
63
123
186
125
158
123
169
91
146
168
13
55
104
119
13
59
44
104
116
159
102
23
163
161
106
193
197
13
10
121
144
42
26
119
142
120
190
89
65
178
5
144
52
158
47
104
160
18
91
73
172
126
132
107
47
96
11
117
114
133
70
47
29
70
177
33
24
116
21
64
166
42
158
143
155
45
102
199
168
189
75
22
80
12
23
94
43
45
49
81
121
36
85
188
108
7
47
62
84
157
104
188
37
103
117
101
176
75
119
187
57
33
63
104
94
107
29
152
3
171
126
177
70
107
41
20
140
149
2
87
93
129
26
78
71
94
75
167
172
187
28
133
58
60
111
16
84
9
60
131
35
78
63
20
91
14
125
196
68
117
142
184
23
128
186
77
99
25
150
24
43
113
86
130
115
19
27
71
12
25
6
105
179
85
113
54
72
149
122
179
103
27
102
170
65
170
113
155
95
54
124
113
72
182
43
11
65
13
149
161
184
56
133
108
148
148
113
27
197
84
156
21
30
95
17
175
137
97
112
165
78
160
192
46
71
189
109
52
170
76
139
97
13
95
26
173
46
27
37
61
135
4
145
141
53
150
98
11
149
45
53
100
171
188
92
142
25
111
170
71
160
112
105
48
180
198
26
38
36
130
26
86
117
160
191
147
10
155
195
59
98
164
50
193
36
22
68
0
40
4
118
95
49
58
117
161
141
83
130
107
150
170
13
24
21
197
177
63
170
22
144
101
96
84
159
164
174
90
49
185
115
119
194
161
144
28
139
81
64
79
48
124
199
70
172
190
98
18
141
55
64
71
145
187
0
58
140
30
46
43
56
20
46
149
11
139
167
166
123
125
190
130
199
170
144
62
26
101
198
70
52
179
119
199
0
185
22
176
98
110
39
175
100
73
180
127
157
49
155
166
4
102
72
111
51
162
111
90
193
103
144
94
39
97
49
20
52
64
103
29
161
88
111
96
35
73
146
39
48
165
141
137
32
148
132
56
24
143
84
133
188
148
15
23
190
27
27
2
61
139
36
96
133
137
122
181
28
7
120
97
57
59
19
66
119
103
79
31
79
157
137
16
85
36
137
6
84
119
141
75
186
76
24
53
132
16
111
15
199
160
51
111
84
73
55
136
71
29
133
26
63
93
124
198
9
133
199
124
46
45
37
132
61
131
192
29
2
59
168
193
151
177
173
24
135
189
0
91
173
54
142
74
20
6
195
183
104
66
10
78
195
144
166
25
177
4
81
166
149
153
18
173
177
41
24
42
107
115
104
41
187
49
85
182
16
139
85
141
109
