60
40
30
50
2
2
2
5
31
31
35
35
35
6
35
0
35
0
31
0
1366
1049
1714
5300
2288
2747
264171
204860
142074
100
156517
932500
250239
982500
2116
80
80
80
60
70
50
60
40
50
60
40
10
40
30
0
40
20
2
5
5
5
31
31
31
31
31
35
35
35
0
5
35
0
1499
6300
8900
5300
2010
2652
2426
2072
1714
149614
130961
207537
982500
9900
191627
140
140
130
130
110
100
120
80
100
70
100
70
40
60
20
0
40
60
40
30
50
2
2
2
5
31
31
35
35
35
6
35
0
35
0
31
0
1366
1049
1714
5300
2288
2747
264171
204860
142074
100
156517
932500
250239
982500
2116
80
80
80
60
70
50
60
40
50
60
40
10
40
30
0
40
20
2
5
5
5
31
31
31
31
31
35
35
35
0
5
35
0
1499
6300
8900
5300
2010
2652
2426
2072
1714
149614
130961
207537
982500
9900
191627
140
140
130
130
110
100
120
80
100
70
100
70
40
60
20
0
40
60
40
30
50
2
2
2
5
31
31
35
35
35
6
35
0
35
0
31
0
1366
1049
1714
5300
2288
2747
264171
204860
142074
100
156517
932500
250239
982500
2116
80
80
80
60
70
50
60
40
50
60
40
10
40
30
0
40
20
2
5
5
5
31
31
31
31
31
35
35
35
0
5
35
0
1499
6300
8900
5300
2010
2652
2426
2072
1714
149614
130961
207537
982500
9900
191627
140
140
130
130
110
100
120
80
100
70
100
70
40
60
20
0
40
60
40
30
50
2
2
2
5
31
31
35
35
35
6
35
0
35
0
31
0
1366
1049
1714
5300
2288
2747
264171
204860
142074
100
156517
932500
250239
982500
2116
80
80
80
60
70
50
60
40
50
60
40
10
40
30
0
40
20
2
5
5
5
31
31
31
31
31
35
35
35
0
5
35
0
1499
6300
8900
5300
2010
2652
2426
2072
1714
149614
130961
207537
982500
9900
191627
140
140
130
130
110
100
120
80
100
70
100
70
40
60
20
0
40
60
40
30
50
2
2
2
5
31
31
35
35
35
6
35
0
35
0
31
0
1366
1049
1714
5300
2288
2747
264171
204860
142074
100
156517
932500
250239
982500
2116
80
80
80
60
70
50
60
40
50
60
40
10
40
30
0
40
20
2
5
5
5
31
31
31
31
31
35
35
35
0
5
35
0
1499
6300
8900
5300
2010
2652
2426
2072
1714
149614
130961
207537
982500
9900
191627
140
140
130
130
110
100
120
80
100
70
100
70
40
60
20
0
40
60
40
30
50
2
2
2
5
31
31
35
35
35
6
35
0
35
0
31
0
1366
1049
1714
5300
2288
2747
264171
204860
142074
100
156517
932500
250239
982500
2116
80
80
80
60
70
50
60
40
50
60
40
10
40
30
0
40
20
2
5
5
5
31
31
31
31
31
35
35
35
0
5
35
0
1499
6300
8900
5300
2010
2652
2426
2072
1714
149614
130961
207537
982500
9900
191627
140
140
130
130
110
100
120
80
100
70
100
70
40
60
20
0
40
60
40
30
50
2
2
2
5
31
31
35
35
35
6
35
0
35
0
31
0
1366
1049
1714
5300
2288
2747
264171
204860
142074
100
156517
932500
250239
982500
2116
80
80
80
60
70
50
60
40
50
60
40
10
40
30
0
40
20
2
5
5
5
31
31
31
31
31
35
35
35
0
5
35
0
1499
6300
8900
5300
2010
2652
2426
2072
1714
149614
130961
207537
982500
9900
191627
140
140
130
130
110
100
120
80
100
70
100
70
40
60
20
0
40
60
40
30
50
2
2
2
5
31
31
35
35
35
6
35
0
35
0
31
0
1366
1049
1714
5300
2288
2747
264171
204860
142074
100
156517
932500
250239
982500
2116
80
80
80
60
70
50
60
40
50
60
40
10
40
30
0
40
20
2
5
5
5
31
31
31
31
31
35
35
35
0
5
35
0
1499
6300
8900
5300
2010
2652
2426
2072
1714
149614
130961
207537
982500
9900
191627
140
140
130
130
110
100
120
80
100
70
100
70
40
60
20
0
40
60
40
30
50
2
2
2
5
31
31
35
35
35
6
35
0
35
0
31
0
1366
1049
1714
5300
2288
2747
264171
204860
142074
100
156517
932500
250239
982500
2116
80
80
80
60
70
50
60
40
50
60
40
10
40
30
0
40
20
2
5
5
5
31
31
31
31
31
35
35
35
0
5
35
0
1499
6300
8900
5300
2010
2652
2426
2072
1714
149614
130961
207537
982500
9900
191627
140
140
130
130
110
100
120
80
100
70
100
70
40
60
20
0
40
60
40
30
50
2
2
2
5
31
31
35
35
35
6
35
0
35
0
31
0
1366
1049
1714
5300
2288
2747
264171
204860
142074
100
156517
932500
250239
982500
2116
80
80
80
60
70
50
60
40
50
60
40
10
40
30
0
40
20
2
5
5
5
31
31
31
31
31
35
35
35
0
5
35
0
1499
6300
8900
5300
2010
2652
2426
2072
1714
149614
130961
207537
982500
9900
191627
140
140
130
130
110
100
120
80
100
70
100
70
40
60
20
0
40
30
100
100
100
100
0
0
0
0
0
0
0
0
1
0
0
0
0
0
0
0
0
0
0
0
0
0
0
0
0
0
0
0
0
0
0
0
1
0
0
0
0
0
0
0
0
0
0
0
0
0
0
0
1
0
0
0
0
0
0
0
0
0
0
0
0
0
0
0
0
0
0
0
0
0
0
0
1
0
0
0
0
0
0
0
0
0
0
0
0
0
0
0
0
0
0
0
1
0
0
0
0
0
0
0
0
0
0
0
0
0
0
0
0
0
0
0
0
0
0
0
0
0
0
0
0
0
0
0
0
0
0
0
0
0
0
0
0
0
0
0
0
0
0
0
0
0
0
0
0
0
0
0
0
0
0
0
0
0
0
0
0
0
0
0
0
0
0
0
0
0
0
0
0
1
0
0
0
0
0
0
0
0
0
0
0
0
0
0
0
0
0
0
0
0
0
1
0
0
0
0
0
0
0
0
0
0
0
0
1
1
0
0
0
0
0
0
0
0
0
0
0
0
0
0
0
0
0
0
0
0
0
0
0
0
0
0
0
0
0
0
0
0
0
0
0
0
0
1
0
0
0
0
0
0
0
0
0
0
0
0
0
0
0
0
0
0
0
0
0
