2
13
3
875460
3
4
5
2
2
5
6
4
2
5000002
0
7
14
3
551284
8
9
9
2
2000002
10
11
7
3
590911
12
13
3
2
2000002
0
14
3
2
4000002
15
16
3
2
4000002
1
17
3
2
1000002
18
19
3
2
2
20
21
11
3
787236
22
23
4
2
2000002
0
24
4
2
4000002
1
25
3
2
2
26
27
8
3
860401
28
29
16
3
889969
30
31
4
2
2
1
32
13
3
872564
0
33
4
2
6000002
0
34
3
2
3000002
35
36
9
2
2000002
37
0
4
2
8000002
38
39
6
3
946414
0
40
4
2
4000002
41
42
4
2
6000002
0
43
3
2
1000002
44
45
13
3
904152
46
47
4
2
2
1
48
13
3
906379
49
50
4
2
8000002
1
51
5
2
2
52
53
4
2
2000002
0
54
9
2
2000002
0
55
9
2
2
0
56
11
3
500002
0
1
12
3
540367
0
1
4
2
5000002
57
58
4
2
5000002
59
60
11
3
875002
0
61
11
3
741381
62
63
2
3
55000002
64
65
2
3
29000002
1
66
16
3
938163
1
67
3
2
1000002
1
68
16
3
838450
1
69
2
3
32000002
70
1
6
3
861976
71
1
11
3
931820
72
0
14
3
684213
1
73
4
2
4000002
74
75
4
2
3000002
76
1
9
2
1000002
77
78
18
3
910912
0
1
3
2
4000002
79
80
12
3
647570
81
1
4
2
4000002
82
83
13
3
911418
1
0
4
2
3000002
84
85
9
2
1000002
1
86
4
2
9000002
1
87
4
2
9000002
0
88
7
3
590478
1
0
4
2
7000002
1
89
17
3
975002
1
90
4
2
3000002
91
92
4
2
3000002
93
1
2
3
29000002
1
0
7
3
605507
94
0
6
3
889949
95
0
8
3
947315
0
1
4
2
9000002
1
96
7
3
685716
1
0
4
2
9000002
97
98
9
2
1000002
99
1
3
2
2000002
0
100
3
2
2000002
1
101
2
3
39000002
102
0
3
2
1000002
103
104
3
2
4000002
1
105
9
2
2000002
1
106
9
2
2
1
107
7
3
661292
108
1
6
3
908278
0
1
16
3
930347
0
1
8
3
855727
109
110
9
2
1000002
111
112
4
2
1000002
0
113
8
3
903177
114
0
10
3
741111
115
0
12
3
836018
0
1
15
3
937960
0
1
9
2
1000002
116
0
4
2
3000002
117
118
4
2
1000002
1
119
8
3
895602
1
0
12
3
643951
120
121
12
3
830222
0
122
4
2
4000002
123
124
4
2
1000002
0
125
17
3
941178
0
1
4
2
3000002
126
127
14
3
673471
1
128
10
3
915280
1
0
3
2
4000002
1
129
3
2
4000002
130
131
9
2
1000002
132
133
9
2
1000002
134
135
11
3
946431
0
1
18
3
924711
0
136
17
3
825002
137
0
4
2
4000002
138
139
11
3
837211
0
1
11
3
901641
1
140
2
3
42000002
141
1
14
3
681820
0
142
7
3
689657
1
0
4
2
10000002
0
143
9
2
1000002
144
145
7
3
598133
0
1
2
3
27000002
1
0
7
3
717951
1
0
3
2
3000002
146
147
4
2
3000002
148
149
14
3
606063
150
0
15
3
887809
0
151
13
3
851202
152
153
2
3
50000002
1
154
4
2
7000002
0
155
11
3
870372
156
157
6
3
903814
0
158
6
3
890971
1
0
16
3
956664
1
159
17
3
895524
1
160
10
3
920303
0
1
17
3
927275
161
1
12
3
645341
162
1
4
2
5000002
163
164
17
3
966669
1
0
6
3
904530
0
1
2
3
33000002
165
1
9
2
1000002
166
167
12
3
810643
168
1
14
3
634617
0
1
2
3
40000002
1
0
4
2
9000002
169
170
3
2
4000002
0
171
5
2
2
1
172
16
3
852894
1
173
8
3
870290
1
0
3
2
2
174
1
4
2
3000002
175
176
18
3
932074
0
177
14
3
601565
178
179
4
2
3000002
180
1
4
2
3000002
181
182
18
3
842552
1
0
14
3
505884
183
0
15
3
885812
184
0
15
3
834874
1
0
13
3
902157
185
0
17
3
950002
1
0
4
2
3000002
186
187
11
3
897061
1
0
4
2
5000002
1
188
4
2
5000002
0
189
13
3
853411
1
0
16
3
825505
1
0
14
3
677421
190
191
8
3
960862
0
192
6
3
921575
1
0
5
2
2
193
0
11
3
910716
1
194
16
3
543117
0
1
3
2
2
195
0
10
3
843320
196
1
2
3
50000002
0
1
6
3
939206
1
197
3
2
3000002
198
199
9
2
1000002
200
201
7
3
582526
202
0
2
3
32000002
203
0
15
3
936822
204
1
9
2
1000002
205
1
2
3
38000002
206
207
9
2
1000002
208
1
3
2
3000002
209
210
3
2
4000002
211
212
7
3
607597
213
0
4
2
8000002
1
214
7
3
657897
215
1
16
3
573021
0
1
9
2
1000002
216
0
8
3
891190
217
0
12
3
871298
1
218
14
3
562502
0
219
11
3
893619
0
1
11
3
935067
1
220
16
3
732472
221
0
3
2
3000002
222
223
11
3
712502
1
0
2
3
43000002
0
1
7
3
630954
1
0
13
3
930417
224
1
3
2
2000002
1
225
9
2
2
226
227
10
3
828259
0
1
14
3
520410
1
0
3
2
4000002
228
229
11
3
769233
1
0
15
3
858581
230
1
7
3
826089
231
1
3
2
1000002
232
233
13
3
869963
1
234
16
3
833238
1
0
15
3
911947
1
0
3
2
1000002
235
236
2
3
46000002
0
1
11
3
930558
0
237
14
3
689657
1
238
6
3
922296
1
0
3
2
1000002
239
240
10
3
881098
0
1
9
2
1000002
241
0
17
3
952383
1
0
11
3
805558
242
243
7
3
627453
1
244
7
3
625002
245
246
17
3
822583
247
1
7
3
900002
1
0
2
3
47000002
248
249
15
3
897352
0
250
7
3
769233
1
0
7
3
720932
1
0
2
3
37000002
0
1
7
3
658230
251
1
3
2
3000002
252
253
15
3
719410
254
0
2
3
26000002
255
0
7
3
570554
256
1
15
3
849823
257
258
9
2
1000002
259
260
6
3
966244
1
0
4
2
3000002
261
262
11
3
960786
0
263
18
3
936772
1
0
6
3
938490
264
1
2
3
31000002
265
1
2
3
35000002
1
0
9
2
1000002
266
267
8
3
921569
0
1
3
2
1000002
268
269
12
3
865018
0
270
16
3
706272
1
0
11
3
821431
271
272
8
3
976396
1
273
3
2
1000002
274
275
3
2
1000002
0
276
15
3
704057
277
1
18
3
725910
278
1
18
3
900632
279
280
14
3
591400
281
1
16
3
885204
0
1
15
3
905949
0
282
3
2
1000002
283
1
3
2
1000002
1
284
14
3
566669
285
1
17
3
844830
286
1
17
3
839288
1
287
18
3
462368
0
288
16
3
856089
0
1
9
2
1000002
289
290
9
2
1000002
1
291
18
3
914859
1
0
15
3
940068
1
0
14
3
521740
0
292
2
3
41000002
0
293
16
3
804851
0
1
18
3
786557
1
294
13
3
901525
1
0
7
3
649575
0
1
11
3
919357
0
295
18
3
852364
0
1
14
3
654764
1
296
18
3
456550
297
1
10
3
960397
1
0
15
3
811077
1
0
3
2
1000002
298
0
11
3
839508
299
1
8
3
547578
1
0
17
3
964288
0
300
15
3
879763
301
302
17
3
968752
1
0
11
3
893619
1
303
13
3
896534
304
1
17
3
925534
305
0
18
3
966994
0
306
13
3
944594
307
0
18
3
760435
308
0
18
3
968480
1
309
15
3
677191
1
0
14
3
629632
1
310
17
3
844830
311
0
7
3
659343
1
0
12
3
729713
1
312
14
3
541669
1
0
3
2
1000002
313
1
14
3
524592
0
314
17
3
763891
0
1
8
3
792985
315
0
2
3
34000002
1
0
2
3
25000002
1
0
13
3
892616
316
0
7
3
696972
1
0
17
3
829270
0
1
