39
32
35
2
6
36
36
47
39
0
31
39
35
47
0
0
6390
100
28549
2606
500
300
800
1409
200
2760000
2840
10160
28033
2112
182500
210
210
270
340
190
200
170
210
230
220
130
200
170
210
0
230
210
39
32
35
30
39
31
47
30
38
0
12
30
12
2
0
0
6390
100
253911
14900
5310
3110
2528
8000
67833000
2287500
0
10300
7810400
1561
0
650
650
640
650
240
650
630
240
660
660
650
640
610
650
660
0
0
34
30
47
30
40
31
38
30
47
3
0
41
35
40
40
979700
0
1073000
980628
1064800
990400
983661
1079000
1058200
981712
1012083
979700
979700
998433
982100
981300
670
670
680
670
0
670
680
130
130
660
750
710
460
560
520
630
760
0
3
3
0
0
2
38
3
3
3
2
12
6
5
12
0
1495000
33955
51005
995000
1197500
849
1258700
5987
30101
36697
2849
3516200
100
9200
5240100
200
210
200
190
200
210
220
200
0
150
200
180
190
200
180
210
200
6
0
36
35
3
40
35
31
38
35
32
36
2
30
40
0
500
1117500
900
31810
35190
1500
81252
1142
4374200
63913
100
700
980
7000
6100
30
30
20
30
10
0
20
30
20
30
20
30
40
40
30
30
40
3
0
38
3
3
0
33
0
12
0
0
5
30
3
3
0
81488
2355000
1806000
54479
72924
3145000
200
1790000
3300000
2420000
2900000
8200
93400
119178
131845
390
390
380
500
400
370
380
390
380
390
410
380
410
400
410
380
0
35
30
2
30
39
31
31
30
0
38
35
31
0
38
12
0
523125
14500
1399
5900
6390
3963
3790
2900
767500
4877000
20595
3452
1200000
15777100
12600000
450
450
470
450
440
450
440
440
450
450
490
0
410
470
500
310
510
0
3
3
38
31
31
38
40
35
0
39
12
38
5
0
0
1395000
41213
43774
1257800
2529
2150
324500
2400
48847
1090000
10670
6950000
3755800
7000
1992500
240
240
250
220
240
120
250
270
0
220
240
220
190
240
220
250
240
34
40
2
41
2
32
3
38
30
39
30
36
33
34
37
0
0
2000
2424
0
2699
200
18586
166700
6700
10490
12000
1700
200
300
100
460
450
460
190
430
460
390
300
440
460
440
420
280
160
60
400
0
34
36
39
40
35
12
3
38
38
31
0
5
3
39
35
979700
0
980400
987080
981000
1046220
2179700
988969
53749100
5354900
980932
2474700
988000
1105988
987259
1061601
540
540
0
550
520
540
530
540
540
610
710
540
350
420
590
490
530
2
35
5
39
36
39
38
36
33
30
35
35
34
0
30
0
2589
71057
10300
9050
2000
6350
603200
800
100
96800
308483
391317
100
3065000
44200
400
400
400
390
350
400
410
390
400
370
0
210
590
370
230
370
420
42
35
0
0
38
40
35
38
3
34
0
31
31
12
40
0
0
267680
1510000
995000
83869800
800
22983
1156600
29823
600
0
1019
3390
10000000
3300
350
350
350
330
350
350
250
0
0
220
310
350
300
140
410
310
350
30
30
30
39
31
31
6
31
30
3
6
32
39
33
31
0
5900
2900
14200
9920
3452
1310
900
3960
1900
66994
400
0
10370
100
3161
240
250
0
90
210
250
280
270
330
240
230
230
40
240
230
240
230
6
39
36
0
31
40
35
3
3
35
30
31
2
39
5
0
500
9680
1500
1367500
782
2600
299003
33239
40302
2600
15000
3167
2849
7409
10000
280
280
290
250
280
0
310
220
260
280
270
290
0
280
260
280
240
30
0
40
31
32
32
2
0
35
35
0
3
31
3
30
979700
1076500
1462200
982300
0
979800
980100
980853
979700
1005400
1077168
3249700
1012044
982472
1094269
1079200
540
0
0
540
550
540
540
530
520
540
550
500
190
550
180
570
490
33
36
40
35
35
33
36
39
2
31
31
31
0
2
3
0
0
1000
2000
68724
44159
200
1100
9750
2849
1438
2921
1041
730000
2677
68677
470
470
450
480
0
470
450
470
460
470
460
460
440
470
410
460
470
34
3
35
0
38
31
36
38
38
0
0
35
12
39
31
979700
0
1045233
1047142
2894700
1754300
981976
981700
2961500
1309400
2627200
2967200
1047006
7579700
984550
982495
700
700
690
660
690
0
690
730
710
690
300
660
490
700
690
680
630
5
32
0
5
31
38
3
32
36
0
0
35
3
12
0
0
6200
1700
1117500
5100
2286
979400
39784
0
1300
0
0
25624
34011
7034000
1757500
380
390
380
380
380
0
0
210
210
370
390
370
390
360
380
390
370
33
31
35
2
3
0
2
35
38
0
38
3
3
31
3
0
0
1112
648637
2557
64866
1487500
1465
27438
70700
1972500
986400
41130
50019
37
110333
390
390
400
470
330
390
380
380
400
390
400
370
390
0
400
430
370
33
6
5
12
36
39
39
39
0
2
3
0
35
38
12
999500
999500
0
1009400
148299500
1000500
1006950
1009070
1009820
999500
1002349
1063734
1497000
1532581
1619800
12999500
440
430
280
0
0
440
240
440
440
450
440
430
450
410
430
330
540
30
5
31
36
30
36
40
35
35
30
35
31
30
34
35
0
96200
6200
3025
1100
14200
4100
1900
52944
208555
7900
520928
2996
99200
200
44008
370
370
370
360
370
370
350
370
380
380
450
110
430
340
0
300
380
34
6
2
39
36
39
3
31
35
3
5
12
0
38
30
979700
0
979800
980617
986870
980600
989560
989750
980931
995781
994758
988800
5859700
2879700
1072900
1075300
410
410
400
370
400
430
410
410
390
420
400
0
450
360
430
390
430
35
0
36
38
3
0
31
12
3
2
0
3
3
3
35
0
129367
1482500
1100
1258900
49285
1552500
2920
4607000
34787
1049
1907500
56230
52446
68912
268295
200
190
200
180
200
190
170
200
190
210
0
190
200
200
200
180
200
31
30
2
33
6
3
3
35
0
30
2
0
0
0
38
0
2573
95600
1786
0
300
61648
61230
88165
1597500
99500
1714
1797500
1997500
1347500
1056500
50
50
50
50
40
50
0
60
80
40
20
80
50
30
10
0
50
2
31
31
0
6
6
30
35
3
35
30
30
30
3
35
999500
1001148
1000973
1002077
2434500
0
1000300
1024000
1030475
1041833
1050384
1013200
1096300
1012200
1088519
1172818
40
40
50
20
40
10
30
30
40
20
50
20
40
0
50
20
30
2
31
0
35
34
38
35
39
30
39
33
34
35
34
30
979700
980939
982163
1709700
1103718
979700
1629700
1182398
988520
1072000
983140
979900
0
1038774
0
1059600
250
250
230
250
260
250
240
210
0
260
220
230
250
230
200
240
260
2
5
31
31
34
2
30
35
5
35
35
6
42
30
5
979700
981348
985900
980904
981235
0
982257
994600
983400
984800
1136102
1050433
980200
979700
989400
988900
220
30
220
220
210
210
220
170
200
210
220
180
0
200
150
200
180
2
2
0
31
0
12
35
5
36
39
3
6
3
5
31
0
1366
1049
995000
2541
980000
3897742
111023
5100
1000
5350
32652
100
13661
9900
2925
70
70
70
70
60
70
60
40
60
30
50
80
60
30
0
50
30
2
2
5
6
6
31
31
31
5
31
38
6
3
35
0
999500
1000799
1000449
1008500
0
999600
1001064
1001998
1001594
1004600
1002484
2373900
1000000
1064755
1248000
1907000
70
60
50
70
70
50
30
70
60
50
60
40
50
20
50
30
0
2
4
35
35
31
0
31
31
2
0
35
31
31
5
30
0
1648
100
174199
177393
2010
947500
2065
2463
749
1190000
123995
2190
2168
9100
78300
80
70
60
80
80
70
60
40
60
50
30
20
0
60
40
30
50
2
2
2
5
31
31
35
35
35
6
35
0
35
0
31
0
1366
1049
1714
5300
2288
2747
264171
204860
142074
100
156517
932500
250239
982500
2116
80
80
80
60
70
50
60
40
50
60
40
10
40
30
0
40
20
2
5
5
5
31
31
31
31
31
35
35
35
0
5
35
0
1499
6300
8900
5300
2010
2652
2426
2072
1714
149614
130961
207537
982500
9900
191627
140
140
130
130
110
100
120
80
100
70
100
70
40
60
20
0
40
