0
3
35
35
0
2797500
67620
81460
493147
21696
8400
53869
493142
495383
16875
24442
6700
78512
51649
56278
801
801
0
868
810
838
630
909
810
89
409
761
790
812
893
731
799
0
3
31
38
0
1992500
61226
69733
2366
2545
1487
3693
59200
53200
2253100
1014000
2244500
241100
1801300
1082200
78
62
80
114
76
101
53
96
157
74
95
0
67
74
81
51
139
36
2
35
31
0
700
980
668
79500
28551
515514
43804
2909
3279
56
2690
1614
1499
1230
3106
111
111
154
97
0
211
109
119
130
111
127
111
95
118
97
111
106
35
36
40
2
0
28549
300
2000
900
2400
3400
6000
2450
999
1648
2788
1919
1205
2788
2580
457
471
231
440
508
450
440
461
0
457
463
457
468
449
300
474
243
2
5
12
31
0
1205
6200
6900
800000
2718000
1640000
1428000
2312
2302
1267
1021
3058
2699
3081
1453
638
186
669
636
641
529
616
645
627
607
0
647
661
656
755
643
637
38
3
38
39
0
150300
22667
29817
12500
149900
829000
763700
790
2440
1300
5000
9760
9950
10180
9670
350
339
85
369
339
343
302
0
500
354
324
339
409
345
235
353
341
43
47
39
0
0
9900000
2324
2191
0
7290
6909
2630
300000
697500
370000
1065000
1807500
500000
0
2660000
933
903
958
935
933
553
936
708
0
852
999
726
1059
699
699
1180
1110
42
31
0
0
0
0
739
37
985000
297500
0
792500
747500
990000
242500
502500
0
0
100000
2565000
752
758
737
903
760
755
776
747
752
0
0
0
0
445
759
736
704
40
39
38
0
0
1300
9770
10490
2420000
408600
7002500
3208200
1832500
1352500
140000
2672500
2350000
3320000
400000
3400000
555
553
525
598
570
0
587
503
547
556
552
569
550
659
398
708
811
33
37
2
2
0
0
300
0
1465
2199
1648
1205
1366
1499
1952
2580
1577
1848
1199
2580
803
804
795
855
810
766
0
1069
1185
800
841
787
801
794
727
813
765
35
0
3
38
0
69501
1437500
3495000
36429
40673
80002
111076
1258900
2396400
2086300
1265200
2745500
4200900
2122600
1773100
106
107
86
120
57
69
0
91
110
109
103
120
105
63
98
85
119
34
32
39
5
0
0
0
200
4690
4340
6940
4220
9000
10300
7100
6000
10100
8200
6900
9300
856
861
845
855
894
848
842
842
858
851
750
833
739
895
806
702
0
2
35
31
31
0
1205
3700
520928
63
2149
1207
3965
0
349
2144
2163
283
1213
731
3975
1587
0
0
1275
1607
1583
1511
1613
1586
1607
1595
1529
1587
1642
1612
1038
1735
33
40
30
0
0
200
10000
3800
96700
91700
67700
77300
787500
900000
200000
0
2982500
315000
3040000
1952500
1076
1079
1075
1071
1095
578
1004
0
0
1065
992
1095
1043
1084
1048
1131
1083
6
12
3
38
999500
0
6214808
12686000
1056174
1092507
1098155
1044343
7905100
1356800
3080600
5377600
1118500
2222100
56744900
84869300
1269
1251
1000
1225
1325
1275
1254
1307
1254
1255
1271
1258
1299
1273
760
1261
0
30
30
39
31
0
5900
2800
14200
9900
10120
10430
7340
3960
1227
2083
1058
1310
1135
5245
1647
566
573
138
578
360
584
626
654
0
570
552
481
114
568
779
567
561
0
3
0
3
0
1495000
33137
50019
995000
1377500
1597500
2350000
5987
29817
41394
46816
40283
49690
85165
72924
53
70
56
25
51
64
83
44
85
38
55
35
0
61
266
30
55
40
36
35
2
0
2700
900
1400
25608
53109
139163
505938
1848
2299
2731
1989
2677
1485
2580
1399
204
196
214
206
179
190
71
203
185
221
0
203
218
201
138
210
239
30
30
2
31
0
14200
10200
30600
1848
1561
2399
2849
3983
3936
132
1239
3939
3656
3421
2993
558
559
748
585
0
434
550
552
485
566
665
524
700
558
548
466
52
33
39
0
3
0
100
6390
8210
1652500
170000
1300000
2970000
41512
51016
3711
56642
30375
46932
90026
102709
129
132
147
112
132
137
177
122
134
126
144
87
122
97
197
0
88
42
0
3
12
0
0
1117500
1510000
34868
38605
37704
65221
0
24600000
4650000
3932630
2745600
10560000
7700000
17500000
1098
0
1101
1133
957
1050
1083
1126
1100
1002
1085
1128
1049
998
1071
1063
971
32
0
6
35
999500
999600
1494500
3269500
0
1000000
1000000
1000000
1028223
1003900
1009148
1081585
1654673
1048628
1017600
1020021
382
357
397
255
398
329
379
381
387
364
442
397
378
589
307
0
365
34
31
40
36
979700
0
980468
982525
980500
981700
981800
986700
980100
980400
980400
980600
981400
981100
982300
981300
408
397
414
426
416
408
397
421
408
383
44
412
392
372
143
539
0
0
3
38
35
0
1912500
50522
58195
1432000
243400
328700
370900
19657
62023
41473
227626
9400
120279
287671
624429
291
277
296
258
286
329
270
322
313
0
217
237
273
243
292
293
313
2
3
38
36
0
2589
63767
110013
1302600
988000
614900
11803500
700
1700
1100
2200
800
300
1400
0
606
614
607
595
586
587
598
620
605
557
443
813
578
196
0
855
855
33
6
30
30
999500
999500
0
1000400
1003300
1023300
1092800
1012700
1002600
1098400
1005400
1095500
1014000
1096300
1008300
1096200
94
115
184
81
0
120
85
102
117
70
83
96
117
99
35
96
122
36
35
31
39
0
1100
34490
208053
1129
1544
2983
3158
10060
8800
10410
9040
9760
4180
9440
4110
191
193
0
173
143
205
86
194
174
182
83
183
146
191
159
206
171
34
5
35
0
979700
0
985000
986000
998100
1247380
1202299
1060802
1229700
1467200
2467200
1372200
2529700
2462200
1129700
1204700
151
0
154
169
162
149
131
184
156
147
111
140
110
209
50
218
111
6
5
31
30
0
100
5300
9100
1257
2266
2533
1142
17800
93300
78100
14600
95600
14900
28100
16000
81
86
100
75
97
50
67
0
36
80
116
36
67
37
84
0
42
2
35
0
3
0
1299
82307
128736
492500
1497500
995000
1377500
3054
36227
33210
44569
15868
33781
31154
65513
583
0
583
565
572
582
598
536
582
580
549
486
525
572
595
537
570
2
5
0
31
0
1648
6000
9900
2905000
995000
977500
297500
1535
3
1472
2862
1393
2049
2687
250
744
749
736
0
756
740
712
702
668
731
692
667
628
889
692
759
595
2
5
31
35
0
1499
6300
8900
2078
2010
2652
2426
159971
177897
149614
130961
207537
214070
264141
191627
276
250
271
220
248
199
231
150
189
137
192
78
136
74
143
0
73
